batch_size: 32
gamma: [0.99, 1.0]
learning_rate: [6.25e-05, 0.000625, 0.00625, 0.0625]
beta: [0.2, 0.5, 1.0]
action_flexibility: [0.3, 0.1, 0.5]