batch_size: 256
gamma: [0.99, 1.0]
actor_learning_rate: [0.00001, 0.0001, 0.001, 0.01]
critic_learning_rate: [0.00001, 0.0001, 0.001, 0.01]
imitator_learning_rate: [0.00001, 0.0001, 0.001, 0.01]
beta: 0.5
tau: 0.005
lam: 0.75
action_flexibility: [0.1, 0.05]